0011100000000000001
0011011111010101100
0011011110101000100
0011011101110011000
0011011100010000100
0011011000101000000
1011011010000100000
1011011100110001000
1011011110010010100
1011011111001111001
1011011111000110001
1011011110110111100
1011011110100011001
1011011110001001001
1011011101010010110
1011011100000111110
1011011001000110000
0011011001000010000
0011011100011110001
0011011101010110101
0011011110000000100
0011011110001110101
0011011110010101101
0011011110010101101
0011011110001110101
0011011110000000101
0011011101010111000
0011011100011110010
0011011001000011100
1011011001000100100
1011011100000111100
1011011101010010110
1011011110001001000
1011011110100011010
1011011110110111010
1011011111000110010
1011011111001111001
1011011110010010111
1011011100110001110
1011011010000100000
0011011000100110000
0011011100010000000
0011011101110010100
0011011110101000100
0011011111010101010
0011100000000000001
0011011111010101100
0011011110101000100
0011011101110011000
0011011100010000100
0011011000101000000
1011011010000100000
1011011100110001000
1011011110010010100