0011111110000000000
0011111110000010001
0011111110000010110
0011111110000001110
0011111101111110100
0011111101110110010
0011111101101010110
0011111101011100010
0011111101001010010
0011111100110101001
0011111100100110001
0011111100010110000
0011111100000100100
0011111011100011010
0011111010111011010
0011111010010000010
0011111001000101100
0011110111001011000
0010011000011110111
1011110111001010111
1011111001000101101
1011111010010000011
1011111010111011010
1011111011100011011
1011111100000100101
1011111100010110000
1011111100100110010
1011111100110101000
1011111101001001111
1011111101011011110
1011111101101010011
1011111101110101111
1011111101111110010
1011111110000001110
1011111110000010101
1011111110000010001
1011111110000000000
1011111110000010001
1011111110000010110
1011111110000001110
1011111101111110100
1011111101110110010
1011111101101010110
1011111101011100010
1011111101001010010
1011111100110101001
1011111100100110001
1011111100010110000
1011111100000100100
1011111011100011010
1011111010111011010
1011111010010000010
1011111001000101100
1011110111001011000
1010011100110000101
0011110111001010111
0011111001000101101
0011111010010000011
0011111010111011010
0011111011100011011
0011111100000100101
0011111100010110000
0011111100100110010
0011111100110101000
0011111101001001111
0011111101011011110
0011111101101010011
0011111101110101111
0011111101111110010
0011111110000001110
0011111110000010101
0011111110000010001
0011111110000000000
0011111110000010001
0011111110000010101
0011111110000001101
0011111101111110100
0011111101110110000
0011111101101010100
0011111101011100000
0011111101001010000
0011111100110101001
0011111100100110001
0011111100010110000
0011111100000100100
0011111011100011010
0011111010111011010
0011111010010000010
0011111001000101100
0011110111001011000
1010011010001101010
1011110111001010111
1011111001000101101
1011111010010000010
1011111010111011001
1011111011100011011
1011111100000100100
1011111100010110000
1011111100100110010
1011111100110101000
1011111101001010000
1011111101011011110
1011111101101010100
1011111101110110000
1011111101111110010
1011111110000001110
1011111110000010101
1011111110000010001
1011111110000000000
1011111110000010001
1011111110000010110
1011111110000001110
1011111101111110100
1011111101110110010
1011111101101010110
1011111101011100010
1011111101001010010
1011111100110101001
1011111100100110001
1011111100010110000
1011111100000100100
1011111011100011010
1011111010111011010
1011111010010000010
1011111001000101100
1011110111001011000
1010011101000010010
0011110111001010111
0011111001000101101
0011111010010000011
0011111010111011010
0011111011100011011
0011111100000100101
0011111100010110000
0011111100100110010
0011111100110101000
0011111101001001111
0011111101011011110
0011111101101010011
0011111101110101111
0011111101111110010
0011111110000001110
0011111110000010101
0011111110000010001
0011111110000000000
0011111110000010001
0011111110000010101
0011111110000001101
0011111101111110100
0011111101110110000
0011111101101010100
0011111101011100000
0011111101001010000